38 38 38 38 38 38 38 38 38 38 38 38 38 38 38 38 38 38 38 38 38 38 38 38 38 38 38 38 38 38 38 38 38 38 38 38 38 38 38 38 38 38 38 38 38 38 38 38 38 38 
38 38 38 38 38 38 38 38 38 38 38 38 38 38 38 38 38 38 38 38 38 38 38 38 38 38 38 38 38 38 38 38 38 38 38 38 38 38 38 38 38 38 38 38 38 38 38 38 38 38 
38 38 38 38 38 38 38 38 38 38 38 38 38 38 38 38 38 38 38 38 38 38 38 38 38 38 38 38 38 38 38 38 38 38 38 38 38 38 38 38 38 38 38 38 38 38 38 38 38 38 
38 38 38 38 38 38 38 38 38 38 38 38 38 38 38 38 38 38 38 38 38 38 38 38 38 38 38 38 38 38 38 38 38 38 47 47 47 47 47 47 47 47 47 47 47 47 47 47 47 47 
38 38 38 38 38 38 38 38 38 38 38 38 38 38 38 38 38 38 38 38 38 38 38 38 38 38 38 38 38 38 38 38 38 38 47 47 47 47 47 47 47 47 47 47 47 47 47 47 47 47 
38 38 38 38 38 38 38 38 38 38 38 38 38 38 38 38 38 38 38 38 38 38 38 38 38 38 38 38 38 38 38 38 38 38 47 47 47 47 47 47 47 47 47 47 47 47 47 47 47 47 
38 38 38 38 38 47 47 47 47 47 47 47 47 47 47 47 47 47 47 47 47 47 47 47 47 47 47 47 47 47 47 47 47 47 47 47 47 47 47 47 47 47 47 47 47 47 47 47 47 47 
38 38 38 38 38 47 47 47 47 47 47 47 47 47 47 47 47 47 47 47 47 47 47 47 47 47 47 47 47 47 47 47 47 47 47 47 47 47 47 47 47 47 47 47 47 47 47 47 47 47 
38 38 38 38 38 13 13 47 13 47 47 47 13 47 47 13 13 13 47 13 13 47 47 47 13 47 47 47 13 47 47 47 47 47 47 47 47 47 47 47 47 47 47 47 47 47 47 47 47 47 
38 38 38 38 38 47 47 47 47 47 47 47 47 47 47 47 47 47 47 47 47 47 47 47 47 47 47 47 47 47 47 47 47 47 47 47 47 47 47 47 47 47 47 47 47 47 47 47 47 47 
38 38 38 38 38 13 13 47 13 13 47 13 13 13 47 13 47 13 13 13 47 47 47 47 47 13 13 13 13 13 13 13 13 47 47 47 47 47 47 47 47 47 47 47 47 47 47 47 47 47 
38 38 38 38 38 47 47 47 47 47 47 47 47 47 47 47 47 47 47 47 47 47 47 47 47 47 47 47 47 47 47 47 47 47 47 47 47 47 47 47 47 47 47 47 47 47 47 47 47 47 
38 38 38 38 38 47 47 13 13 13 13 13 47 47 47 47 47 13 47 13 13 13 13 13 13 47 47 47 13 13 47 13 13 47 47 47 47 47 47 47 47 38 38 38 38 38 38 38 38 38 
38 38 38 38 38 47 47 47 47 47 47 47 47 47 47 47 47 47 47 47 47 47 47 47 47 47 47 47 47 47 47 47 47 13 13 13 13 13 13 13 13 38 38 38 38 38 38 38 38 38 
38 38 38 38 38 13 13 13 13 13 13 13 13 13 13 13 13 13 13 13 13 13 13 13 13 13 13 13 13 13 13 13 13 47 47 47 47 47 47 47 47 38 38 38 38 38 38 38 38 38 
38 38 38 38 38 47 47 47 47 47 47 47 47 11 11 11 11 11 11 11 11 11 11 11 11 11 11 11 11 11 11 11 11 13 13 13 13 13 13 13 13 38 38 38 38 38 38 38 38 38 
38 38 38 38 38 13 13 13 13 13 13 13 13 11 11 11 11 11 11 11 11 11 48 11 11 11 11 11 11 25 29 11 11 47 47 47 47 47 47 47 47 38 38 38 38 38 38 38 38 38 
38 38 38 38 38 47 47 47 47 47 47 47 47 11 11 25 19 29 11 11 11 48 50 48 11 11 11 11 11 18 35 11 11 13 13 13 13 13 13 13 13 38 38 38 38 38 38 38 38 38 
38 38 38 38 38 13 13 13 13 13 13 13 13 11 11 18 34 35 11 11 50 48 11 11 11 11 11 11 11 11 11 48 48 47 47 47 47 47 47 47 47 38 38 38 38 38 38 38 38 38 
38 38 38 38 38 47 47 47 47 47 47 47 47 11 11 11 11 11 11 11 11 11 11 11 11 11 11 11 11 11 48 48 11 13 13 13 13 13 13 13 13 38 38 38 38 38 38 38 38 38 
38 38 38 38 38 13 13 13 13 13 13 13 13 11 11 50 11 11 11 11 11 11 11 11 11 11 11 11 48 48 11 48 48 47 47 47 47 47 47 47 47 38 38 38 38 38 38 38 38 38 
38 38 38 38 38 47 47 47 47 47 47 47 47 11 11 11 11 11 11 11 11 11 11 11 11 11 11 11 48 48 48 48 48 13 13 13 13 13 13 13 13 38 38 38 38 38 38 38 38 38 
38 38 38 38 38 13 13 13 13 13 13 13 13 11 11 11 11 11 11 11 11 11 11 11 11 11 11 11 11 11 11 11 11 47 47 47 47 47 47 47 47 38 38 38 38 38 38 38 38 38 
38 38 38 38 38 47 47 47 47 47 47 47 47 11 11 11 11 11 43 39 32 11 11 11 11 46 27 7 44 11 11 48 11 13 13 13 13 13 13 13 13 38 38 38 38 38 38 38 38 38 
38 38 38 38 38 13 13 13 13 13 13 13 13 11 11 11 11 11 22 45 17 11 11 11 11 6 20 3 2 11 11 48 48 47 47 47 47 47 47 47 47 38 38 38 38 38 38 38 38 38 
38 38 38 38 38 47 47 47 47 47 47 47 47 11 11 11 11 28 1 23 16 11 11 11 11 12 24 4 41 50 11 11 11 13 13 13 13 13 13 13 13 38 38 38 38 38 38 38 38 38 
38 38 38 38 38 13 13 13 13 13 13 13 13 11 11 11 11 11 11 5 11 11 11 11 11 11 5 11 11 11 11 11 11 47 47 47 47 47 47 47 47 38 38 38 38 38 38 38 38 38 
38 38 38 38 38 47 47 47 47 47 47 47 47 11 11 11 11 11 11 10 36 36 36 36 36 36 49 11 11 11 11 11 11 13 13 13 13 13 13 13 13 38 38 38 38 38 38 38 38 38 
38 38 38 38 38 13 13 13 13 13 13 13 13 50 50 11 11 11 11 5 11 11 11 11 11 11 11 11 11 11 11 47 47 47 47 47 47 47 47 47 47 38 38 38 38 38 38 38 38 38 
38 38 38 38 38 47 13 47 47 47 47 47 47 50 50 50 50 11 11 5 11 11 25 19 19 19 29 11 11 11 11 13 13 13 13 13 13 13 13 13 13 38 38 38 38 38 38 38 38 38 
38 38 38 38 38 13 13 13 13 13 13 13 13 11 11 11 11 11 11 5 11 11 30 38 38 38 15 11 11 11 11 47 47 47 47 47 47 47 47 47 47 38 38 38 38 38 38 38 38 38 
38 38 38 38 38 47 47 47 47 47 47 47 47 11 11 11 11 11 11 5 11 11 30 38 38 38 15 11 11 11 11 13 13 13 13 13 13 13 13 13 13 38 38 38 38 38 38 38 38 38 
38 38 38 38 38 47 47 13 47 47 47 47 47 11 11 11 11 11 11 5 11 11 18 34 34 34 35 11 47 47 47 47 47 47 47 47 47 47 47 47 47 38 38 38 38 38 38 38 38 38 
38 38 38 38 38 47 47 47 47 47 47 47 47 11 11 11 11 11 11 5 11 11 11 11 11 11 11 11 13 13 13 13 13 13 13 13 13 13 38 38 38 38 38 38 38 38 38 38 38 38 
38 38 38 38 38 47 47 47 47 47 47 47 47 47 47 47 47 47 47 5 13 13 47 47 47 47 47 47 47 47 47 47 47 47 47 47 38 38 38 38 38 38 38 38 38 38 38 38 38 38 
38 38 38 38 38 47 47 47 13 13 13 13 13 13 13 13 13 13 13 33 13 13 13 13 13 13 13 13 13 13 13 13 13 13 13 13 38 38 38 38 38 38 38 38 38 38 38 38 38 38 
38 38 38 38 38 38 38 47 47 47 47 47 47 47 47 47 47 47 47 47 47 47 47 47 47 47 47 47 47 47 47 47 47 47 47 47 38 38 38 38 38 38 38 38 38 38 38 38 38 38 
38 38 38 38 38 38 38 47 47 47 47 47 47 47 47 47 47 47 47 47 47 47 47 47 47 47 47 47 47 47 47 47 47 47 47 47 38 38 38 38 38 38 38 38 38 38 38 38 38 38 
38 38 38 38 38 38 38 47 47 47 47 47 47 47 47 47 47 47 47 47 47 47 47 47 47 47 47 47 47 47 47 47 47 47 47 47 38 38 38 38 38 38 38 38 38 38 38 38 38 38 
38 38 38 38 38 38 38 47 47 47 47 47 47 47 47 47 47 47 47 47 47 47 47 47 47 47 47 47 47 47 47 47 47 47 47 47 38 38 38 38 38 38 38 38 38 38 38 38 38 38 
38 38 38 38 38 38 38 47 47 47 47 47 47 47 47 47 47 47 47 47 47 47 47 47 47 47 47 47 47 47 47 47 47 47 47 47 38 38 38 38 38 38 38 38 38 38 38 38 38 38 
38 38 38 38 38 38 38 47 47 47 47 47 47 47 47 47 47 47 47 47 47 47 47 47 47 47 47 47 47 47 47 47 47 47 47 47 38 38 38 38 38 38 38 38 38 38 38 38 38 38 
38 38 38 38 38 38 38 47 47 47 47 47 47 47 47 47 47 47 47 47 47 47 47 47 47 47 47 47 47 47 47 47 47 47 47 47 38 38 38 38 38 38 38 38 38 38 38 38 38 38 
38 38 38 38 38 38 38 47 47 47 47 47 47 47 47 47 47 47 47 47 47 47 47 47 47 47 47 47 47 47 47 47 47 47 47 47 38 38 38 38 38 38 38 38 38 38 38 38 38 38 
38 38 38 38 38 38 38 47 47 47 47 47 47 47 47 47 47 47 47 47 47 47 47 47 47 47 47 47 47 47 47 47 47 47 47 47 38 38 38 38 38 38 38 38 38 38 38 38 38 38 
38 38 38 38 38 38 38 38 38 38 38 38 38 38 38 38 38 38 38 38 38 38 38 38 38 38 38 38 38 38 38 38 38 38 38 38 38 38 38 38 38 38 38 38 38 38 38 38 38 38 
38 38 38 38 38 38 38 38 38 38 38 38 38 38 38 38 38 38 38 38 38 38 38 38 38 38 38 38 38 38 38 38 38 38 38 38 38 38 38 38 38 38 38 38 38 38 38 38 38 38 
38 38 38 38 38 38 38 38 38 38 38 38 38 38 38 38 38 38 38 38 38 38 38 38 38 38 38 38 38 38 38 38 38 38 38 38 38 38 38 38 38 38 38 38 38 38 38 38 38 38 
38 38 38 38 38 38 38 38 38 38 38 38 38 38 38 38 38 38 38 38 38 38 38 38 38 38 38 38 38 38 38 38 38 38 38 38 38 38 38 38 38 38 38 38 38 38 38 38 38 38 
38 38 38 38 38 38 38 38 38 38 38 38 38 38 38 38 38 38 38 38 38 38 38 38 38 38 38 38 38 38 38 38 38 38 38 38 38 38 38 38 38 38 38 38 38 38 38 38 38 38 
