26 26 26 26 26 26 26 26 26 26 26 26 26 26 26 26 26 26 26 26 26 26 26 26 26 26 26 26 26 26 26 26 26 26 26 26 26 26 26 26 26 26 26 26 26 26 26 26 26 26
26 26 26 26 26 26 26 26 26 26 26 26 26 26 26 26 26 26 26 26 26 26 26 26 26 26 26 26 26 26 26 26 26 26 26 26 26 26 26 26 26 26 26 26 26 26 26 26 26 26
26 26 26 26 26 26 26 26 26 26 26 26 26 26 26 26 26 26 26 26 26 26 26 26 26 26 26 26 26 26 26 26 26 26 26 26 26 26 26 26 26 26 26 26 26 26 26 26 26 26
26 26 26 26 26 26 26 26 26 26 26 26 26 26 26 26 26 26 26 26 26 26 26 26 26 26 26 26 26 26 26 26 26 26 26 26 26 26 26 26 26 26 26 26 26 26 26 26 26 26
26 26 26 26 26 26 26 26 26 26 26 26 26 26 26 26 26 26 26 26 26 26 26 26 26 26 26 26 26 26 26 26 26 26 26 26 26 26 26 26 26 26 26 26 26 26 26 26 26 26
26 26 26 26 26 26 26 25 26 25 26 26 25 25 26 26 26 25 26 26 26 25 26 26 26 25 26 25 26 26 25 25 26 26 26 26 26 25 26 26 25 26 25 25 26 26 26 26 26 26
26 26 26 26 26 26 26 26 26 26 26 26 26 26 26 26 26 26 26 26 26 26 26 26 26 26 26 26 26 26 26 26 26 26 26 26 26 26 26 26 26 26 26 26 26 26 26 26 26 26
26 26 26 26 26 26 26 26 25 26 25 26 25 25 25 25 25 25 25 26 25 26 25 26 25 25 25 25 25 25 25 25 25 26 26 25 26 25 26 26 25 26 26 26 25 26 26 26 26 26
26 26 26 26 26 26 26 26 26 26 26 26 26 26 26 26 26 26 26 26 26 26 26 26 26 26 26 26 26 26 26 26 26 26 26 26 26 26 26 26 26 26 26 26 26 26 26 26 26 26
26 26 26 26 26 26 25 26 25 25 26 26 25 25 25 25 25 25 25 25 25 25 25 25 25 25 25 25 25 25 25 25 25 25 25 25 25 25 26 25 26 26 25 26 25 25 26 26 26 26
26 26 26 26 26 26 26 26 26 26 26 26 49 49 49 10 10 10 10 10 10 10 10 10 10 10 10 10 10 10 10 49 49 49 49 49 49 49 26 26 26 26 26 26 26 26 26 26 26 26
25 25 25 25 25 25 25 25 25 25 25 25 49 49 49 10 10 10 10 10 10 10 10 10 10 10 10 10 10 10 10 24 24 49 49 49 49 49 25 25 25 25 25 25 25 25 25 25 25 25
26 26 26 26 26 26 26 26 26 26 26 26 49 17 11 11 11 18 10 10 10 10 10 10 10 10 10 10 10 10 10 10 10 49 49 49 49 49 26 26 26 26 26 26 26 26 26 26 26 26
25 25 25 25 25 25 25 25 25 25 25 25 49 13 23 23 23 14 10 10 10 10 10 10 10 10 10 10 10 10 10 10 10 10 10 10 24 49 25 25 25 25 25 25 25 25 25 25 25 25
11 11 11 11 11 11 11 11 11 11 11 11 11 55 23 23 23 14 10 10 10 10 10 10 10 10 10 10 10 10 10 10 10 10 10 10 10 10 26 26 26 26 26 26 26 26 26 26 26 26
23 23 23 23 23 23 23 23 23 23 23 23 23 23 23 23 23 14 10 10 10 10 10 10 10 10 25 10 10 10 17 11 11 18 10 10 10 10 25 25 25 25 25 25 25 25 25 25 25 25
23 23 23 23 23 23 23 23 23 23 23 23 23 23 23 23 23 14 10 10 10 10 10 10 10 10 10 10 10 10 13 23 23 14 10 10 10 10 26 26 26 26 26 26 26 26 26 26 26 26
23 23 23 23 23 23 23 23 23 23 23 23 23 23 23 23 23 14 10 10 10 10 10 10 10 10 10 10 10 10 13 23 23 14 10 10 10 10 25 25 25 25 25 25 25 25 25 25 25 25
23 23 23 23 23 23 23 23 23 23 23 23 52 12 12 12 12 16 10 10 10 10 10 10 10 10 10 10 10 10 15 12 12 16 49 10 10 10 26 26 26 26 26 26 26 26 26 26 26 26
23 23 23 23 23 23 23 23 23 23 23 23 14 10 10 10 10 10 10 10 10 10 10 10 10 30 10 10 10 10 10 10 10 49 49 10 10 10 25 25 25 25 25 25 25 25 25 25 25 25
23 23 23 23 23 23 23 23 23 23 23 23 14 10 10 10 10 10 10 10 10 10 10 10 10 10 10 10 10 10 10 10 10 10 10 10 10 10 26 26 26 26 26 26 26 26 26 26 26 26
23 23 23 23 23 23 23 23 23 23 23 23 14 10 10 10 10 10 10 10 10 10 10 10 10 10 10 10 10 10 10 10 10 10 10 10 10 10 25 25 25 25 25 25 25 25 25 25 25 25
23 23 23 23 23 23 23 23 23 23 23 23 14 10 10 10 10 10 10 10 10 10 67 66 10 10 10 10 10 10 10 10 10 10 10 10 10 10 26 26 26 26 26 26 26 26 26 26 26 26
23 23 23 23 23 23 23 23 23 23 23 23 14 10 10 10 10 10 10 10 10 10 67 66 10 10 10 10 10 10 10 10 10 10 10 10 10 10 25 25 25 25 25 25 25 25 25 25 25 25
23 23 23 23 23 23 23 23 23 23 23 23 14 10 10 10 24 10 24 10 10 10 67 66 10 10 10 10 10 10 10 10 10 10 24 24 10 10 26 26 26 26 26 26 26 26 26 26 26 26
23 23 23 23 23 23 23 23 23 23 23 23 14 10 10 10 10 24 10 10 10 10 67 66 10 10 10 10 10 10 10 10 10 10 24 24 10 10 25 25 25 25 25 25 25 25 25 25 25 25
23 23 23 23 23 23 23 23 23 23 23 23 14 10 10 10 10 10 10 10 10 10 67 66 10 10 10 10 10 10 10 10 10 10 10 10 10 10 26 26 26 26 26 26 26 26 26 26 26 26
23 23 23 23 23 23 23 23 23 23 23 23 14 10 10 10 10 10 10 10 10 10 67 66 10 10 10 10 10 10 10 10 26 10 26 10 10 10 25 25 25 25 25 25 25 25 25 25 25 25
23 23 23 23 23 23 23 23 23 23 23 23 14 10 10 10 10 10 10 10 10 10 67 66 10 10 10 10 10 10 10 10 25 10 25 10 10 10 26 26 26 26 26 26 26 26 26 26 26 26
23 23 23 23 23 23 23 23 23 23 23 23 14 10 10 10 10 10 10 10 10 10 67 66 10 10 10 10 10 10 10 10 10 10 10 10 10 10 25 25 25 25 25 25 25 25 25 25 25 25
23 23 23 23 23 23 23 23 23 23 23 23 14 10 10 10 10 10 10 10 10 10 67 66 10 10 10 10 10 10 10 10 10 10 10 10 10 10 26 26 26 26 26 26 26 26 26 26 26 26
23 23 23 23 23 23 23 23 23 23 23 23 14 10 10 10 10 10 10 10 10 10 67 66 10 10 10 10 10 10 10 10 10 10 10 10 10 10 25 25 25 25 25 25 25 25 25 25 25 25
23 23 23 23 23 23 23 23 23 23 23 23 14 10 10 10 10 10 10 10 10 10 67 61 65 65 63 61 65 58 10 10 10 10 10 10 10 10 26 26 26 26 26 26 26 26 26 26 26 26
23 23 23 23 23 23 23 23 23 23 23 23 14 10 10 10 10 10 10 10 10 10 57 64 64 64 64 64 62 66 10 10 10 10 10 10 10 10 25 25 25 25 25 25 25 25 25 25 25 25
23 23 23 23 23 23 23 23 23 23 23 23 14 10 10 10 10 10 10 10 10 10 10 10 10 10 10 10 67 66 10 10 10 10 10 10 10 10 26 26 26 26 26 26 26 26 26 26 26 26
12 12 12 12 12 12 12 12 12 12 12 12 16 10 10 10 10 10 10 10 10 10 10 10 10 10 10 10 67 66 10 10 10 10 10 10 10 10 25 25 25 25 25 25 25 25 25 25 25 25
26 26 26 26 26 26 26 26 26 26 26 26 26 26 26 10 10 10 10 10 10 10 10 10 10 10 10 10 67 66 10 10 10 10 10 26 26 26 26 26 26 26 26 26 26 26 26 26 26 26
25 25 25 25 25 25 25 25 25 25 25 25 25 25 25 10 10 10 10 10 10 10 10 10 10 10 10 10 67 66 10 10 10 10 10 25 25 25 25 25 25 25 25 25 25 25 25 25 25 25
26 26 26 26 26 26 26 26 26 26 26 26 26 26 26 26 26 26 10 10 10 10 10 10 10 10 10 10 67 66 10 10 10 26 26 26 26 26 26 26 26 26 26 26 26 26 26 26 26 26
25 25 25 25 25 25 25 25 25 25 25 25 25 25 25 25 25 25 10 10 10 10 10 10 10 10 10 10 67 66 10 10 10 25 25 25 25 25 25 25 25 25 25 25 25 25 25 25 25 25
26 26 26 26 26 26 26 26 26 26 26 26 26 26 26 26 26 26 26 26 26 26 26 26 26 26 26 26 67 66 26 26 26 26 26 26 26 26 26 26 26 26 26 26 26 26 26 26 26 26
26 26 26 26 26 26 26 26 26 26 26 26 25 25 25 25 25 25 25 25 25 25 25 25 25 25 25 25 50 50 25 25 25 25 25 25 25 25 26 26 26 26 26 26 26 26 26 26 26 26
26 26 26 26 26 26 26 26 26 26 26 26 26 26 26 26 26 26 26 26 26 26 26 26 26 26 26 26 26 26 26 26 26 26 26 26 26 26 26 26 26 26 26 26 26 26 26 26 26 26
26 26 26 26 26 26 26 26 26 26 26 26 25 25 25 25 25 25 25 25 25 25 25 25 25 25 25 25 25 25 25 25 25 25 25 25 25 25 26 26 26 26 26 26 26 26 26 26 26 26
26 26 26 26 26 26 26 26 26 26 26 26 26 26 26 26 26 26 26 26 26 26 26 26 26 26 26 26 26 26 26 26 26 26 26 26 26 26 26 26 26 26 26 26 26 26 26 26 26 26
26 26 26 26 26 26 26 26 26 26 26 26 26 26 25 26 26 26 25 26 25 26 25 26 26 25 26 26 26 25 26 25 25 25 25 25 26 26 26 26 26 26 26 26 26 26 26 26 26 26
26 26 26 26 26 26 26 26 26 26 26 26 26 26 26 26 26 26 26 26 26 26 26 26 26 26 26 26 26 26 26 26 26 26 26 26 26 26 26 26 26 26 26 26 26 26 26 26 26 26
26 26 26 26 26 26 26 26 26 26 26 26 26 26 26 26 26 26 26 26 26 26 26 26 26 26 26 26 26 26 26 26 26 26 26 26 26 26 26 26 26 26 26 26 26 26 26 26 26 26
26 26 26 26 26 26 26 26 26 26 26 26 26 26 26 26 26 26 26 26 26 26 26 26 26 26 26 26 26 26 26 26 26 26 26 26 26 26 26 26 26 26 26 26 26 26 26 26 26 26
26 26 26 26 26 26 26 26 26 26 26 26 26 26 26 26 26 26 26 26 26 26 26 26 26 26 26 26 26 26 26 26 26 26 26 26 26 26 26 26 26 26 26 26 26 26 26 26 26 26
