10 10 10 10 10 10 10 10 10 10 10 10 10 10 10 10 10 10 10 10 10 10 10 10 10 10 10 10 10 10 10 10 10 10 10 10 10 10 10 10 10 10 10 10 10 10 10 10 10 10
10 10 10 10 10 10 10 10 10 10 10 10 10 10 10 10 10 10 10 10 10 10 10 10 10 10 10 10 10 10 10 10 10 10 10 10 10 10 10 10 10 10 10 10 10 10 10 10 10 10
10 10 10 10 10 10 10 10 10 10 10 10 10 10 10 10 10 10 10 10 10 10 10 10 10 10 10 10 10 10 10 10 10 10 10 10 10 10 10 10 10 10 10 10 10 10 10 10 10 10
10 10 10 10 10 10 10 10 10 10 10 10 10 10 10 10 10 10 10 10 10 10 10 10 10 10 10 10 10 10 10 10 10 10 10 10 10 10 10 10 10 10 10 10 10 10 10 10 10 10
10 10 10 10 10 10 10 10 10 10 10 10 10 10 10 10 10 10 10 10 10 10 10 10 10 10 10 10 10 10 10 10 10 10 10 10 10 10 10 10 10 10 10 10 10 10 10 10 10 10
10 10 10 10 10 10 10 10 10 10 10 10 10 10 10 10 10 10 10 10 10 10 10 10 10 10 10 10 10 10 10 10 10 10 10 10 10 10 10 10 10 10 10 10 10 10 10 10 10 10
10 10 10 10 10 10 10 10 10 10 10 10 10 10 10 10 10 10 10 10 10 10 10 10 10 10 10 10 10 10 10 10 10 10 10 10 10 10 10 10 10 10 10 10 10 10 10 10 10 10
10 10 10 10 10 10 10 10 10 10 10 10 10 10 10 10 10 10 10 10 10 10 10 10 10 10 10 10 10 10 10 10 10 10 10 10 10 10 10 10 10 10 10 10 10 10 10 10 10 10
10 10 10 10 10 10 10 10 10 10 10 10 10 10 10 10 10 10 10 10 10 10 10 10 10 10 10 10 10 10 10 10 10 10 10 10 10 10 10 10 10 10 10 10 10 10 10 10 10 10
10 10 10 10 10 10 10 10 10 10 10 10 10 10 10 10 10 10 10 10 10 10 10 10 10 10 10 10 10 10 10 10 10 10 10 10 10 10 10 10 10 10 10 10 10 10 10 10 10 10
10 10 10 10 10 10 10 10 10 10 10 10 10 10 10 10 10 10 10 10 10 10 10 10 10 10 10 10 10 10 10 10 10 10 10 10 10 10 10 10 10 10 10 10 10 10 10 10 10 26
10 10 10 10 10 10 10 10 10 10 10 10 10 10 10 10 10 10 10 10 10 10 10 10 10 10 10 10 10 10 10 10 10 10 10 10 10 10 10 10 10 10 10 10 10 10 10 10 10 25
10 10 10 10 10 10 10 10 10 10 10 10 10 10 10 10 10 10 10 10 10 10 10 10 10 10 10 10 10 10 10 10 10 10 10 10 10 10 10 10 10 10 10 10 10 10 10 10 10 26
10 10 10 10 10 10 10 10 10 10 10 10 10 17 11 11 11 18 10 10 10 10 10 10 10 10 10 10 10 10 10 10 10 10 10 10 10 10 10 10 10 10 10 10 10 10 10 10 10 25
10 10 10 10 10 10 10 10 10 10 10 10 10 13 23 23 23 14 10 10 10 10 10 10 10 10 10 10 10 10 10 10 10 10 10 10 10 10 10 10 10 10 10 10 10 10 10 10 10 26
11 11 11 11 11 11 11 11 11 11 11 11 11 55 23 23 23 14 10 10 10 10 10 10 10 10 10 10 10 10 17 11 11 18 10 10 10 10 10 10 10 10 10 10 10 10 10 10 10 25
23 23 23 23 23 23 23 23 23 23 23 23 23 23 23 23 23 14 10 10 10 10 10 10 10 10 10 10 10 10 13 23 23 14 10 10 10 10 10 10 10 10 10 10 10 10 10 10 10 26
23 23 23 23 23 23 23 23 23 23 23 23 23 23 23 23 23 14 10 10 10 10 10 10 10 10 10 10 10 10 13 23 23 14 10 10 10 10 10 10 10 10 10 10 10 10 10 10 10 25
23 23 23 23 23 23 23 23 23 23 23 23 52 12 12 12 12 16 10 10 10 10 10 10 10 10 10 10 10 10 15 12 12 16 10 10 10 10 10 10 10 10 10 10 10 10 10 10 10 26
23 23 23 23 23 23 23 23 23 23 23 23 14 10 10 10 10 10 10 10 10 10 10 10 10 10 10 10 10 10 10 10 10 10 49 10 10 10 10 10 10 10 10 10 10 10 10 10 10 25
23 23 23 23 23 23 23 23 23 23 23 23 14 10 10 10 10 10 10 10 10 10 10 10 10 10 10 10 10 10 10 10 10 10 10 10 10 10 10 10 10 10 10 10 10 10 10 10 10 26
23 23 23 23 23 23 23 23 23 23 23 23 14 10 10 10 10 10 10 10 10 10 10 65 10 10 10 10 10 10 10 10 10 10 10 10 10 10 10 10 10 10 10 10 10 10 10 10 10 25
23 23 23 23 23 23 23 23 23 23 23 23 14 10 10 10 10 10 10 10 10 10 67 66 10 10 10 10 10 10 10 10 10 10 10 10 10 10 10 10 10 10 10 10 10 10 10 10 10 26
23 23 23 23 23 23 23 23 23 23 23 23 14 10 10 10 10 10 10 10 10 10 67 66 10 10 10 10 10 10 10 10 10 10 10 10 10 10 10 10 10 10 10 10 10 10 10 10 10 25
23 23 23 23 23 23 23 23 23 23 23 23 14 10 10 10 10 10 10 10 10 10 67 66 10 10 10 10 10 10 10 10 10 10 10 10 10 10 10 10 10 10 10 10 10 10 10 10 10 26
23 23 23 23 23 23 23 23 23 23 23 23 14 10 10 10 10 10 10 10 10 10 67 66 10 10 10 10 10 10 10 10 10 10 10 10 10 10 10 10 10 10 10 10 10 10 10 10 10 25
23 23 23 23 23 23 23 23 23 23 23 23 14 10 10 10 10 10 10 10 10 10 67 66 10 10 10 10 10 10 10 10 10 10 10 10 10 10 10 10 10 10 10 10 10 10 10 10 10 26
23 23 23 23 23 23 23 23 23 23 23 23 14 10 10 10 10 10 10 10 10 10 67 66 10 10 10 10 10 10 10 10 10 10 10 10 10 10 10 10 10 10 10 10 10 10 10 10 10 25
23 23 23 23 23 23 23 23 23 23 23 23 14 10 10 10 10 10 10 10 10 10 67 66 10 10 10 10 10 10 10 10 10 10 10 10 10 10 10 10 10 10 10 10 10 10 10 10 10 26
23 23 23 23 23 23 23 23 23 23 23 23 14 10 10 10 10 10 10 10 10 10 67 66 10 10 10 10 10 10 10 10 10 10 10 10 10 10 10 10 10 10 10 10 10 10 10 10 10 25
23 23 23 23 23 23 23 23 23 23 23 23 14 10 10 10 10 10 10 10 10 10 67 66 10 10 10 10 10 10 10 10 10 10 10 10 10 10 10 10 10 10 10 10 10 10 10 10 10 26
23 23 23 23 23 23 23 23 23 23 23 23 14 10 10 10 10 10 10 10 10 10 67 66 10 10 10 10 10 10 10 10 10 10 10 10 10 10 10 10 10 10 10 10 10 10 10 10 10 25
23 23 23 23 23 23 23 23 23 23 23 23 14 10 10 10 10 10 10 10 10 10 67 66 10 10 10 10 10 10 10 10 10 10 10 10 10 10 10 10 10 10 10 10 10 10 10 10 10 26
23 23 23 23 23 23 23 23 23 23 23 23 14 10 10 10 10 10 10 10 10 10 67 61 65 65 63 61 65 58 10 10 10 10 10 10 10 10 10 10 10 10 10 10 10 10 10 10 10 25
23 23 23 23 23 23 23 23 23 23 23 23 14 10 10 10 10 10 10 10 10 10 57 64 64 64 64 64 62 66 10 10 10 10 10 10 10 10 10 10 10 10 10 10 10 10 10 10 10 26
12 12 12 12 12 12 12 12 12 12 12 12 16 10 10 10 10 10 10 10 10 10 10 10 10 10 10 10 67 66 10 10 10 10 10 10 10 10 10 10 10 10 10 10 10 10 10 10 10 25
10 10 10 10 10 10 10 10 10 10 10 10 10 10 10 10 10 10 10 10 10 10 10 10 10 10 10 10 67 66 10 10 10 10 10 10 10 10 10 10 10 10 10 10 10 10 10 10 10 26
10 10 10 10 10 10 10 10 10 10 10 10 10 10 10 10 10 10 10 10 10 10 10 10 10 10 10 10 67 66 10 10 10 10 10 10 10 10 10 10 10 10 10 10 10 10 10 10 10 25
10 10 10 10 10 10 10 10 10 10 10 10 10 10 10 10 10 10 10 10 10 10 10 10 10 10 10 10 67 66 10 10 10 10 10 10 10 10 10 10 10 10 10 10 10 10 10 10 10 26
10 10 10 10 10 10 10 10 10 10 10 10 10 10 10 10 10 10 10 10 10 10 10 10 10 10 10 10 67 66 10 10 10 10 10 10 10 10 10 10 10 10 10 10 10 10 10 10 10 25
10 10 10 10 10 10 10 10 10 10 10 10 10 10 10 10 10 10 10 10 10 10 10 10 10 10 10 10 67 66 10 10 10 10 10 10 10 10 10 10 10 10 10 10 10 10 10 10 10 10
10 10 10 10 10 10 10 10 10 10 10 10 10 10 10 10 10 10 10 10 10 10 10 10 10 10 10 10 10 10 10 10 10 10 10 10 10 10 10 10 10 10 10 10 10 10 10 10 10 10
10 10 10 10 10 10 10 10 10 10 10 10 10 10 10 10 10 10 10 10 10 10 10 10 10 10 10 10 10 10 10 10 10 10 10 10 10 10 10 10 10 10 10 10 10 10 10 10 10 10
10 10 10 10 10 10 10 10 10 10 10 10 10 10 10 10 10 10 10 10 10 10 10 10 10 10 10 10 10 10 10 10 10 10 10 10 10 10 10 10 10 10 10 10 10 10 10 10 10 10
10 10 10 10 10 10 10 10 10 10 10 10 10 10 10 10 10 10 10 10 10 10 10 10 10 10 10 10 10 10 10 10 10 10 10 10 10 10 10 10 10 10 10 10 10 10 10 10 10 10
10 10 10 10 10 10 10 10 10 10 10 10 10 10 10 10 10 10 10 10 10 10 10 10 10 10 10 10 10 10 10 10 10 10 10 10 10 10 10 10 10 10 10 10 10 10 10 10 10 10
10 10 10 10 10 10 10 10 10 10 10 10 10 10 10 10 10 10 10 10 10 10 10 10 10 10 10 10 10 10 10 10 10 10 10 10 10 10 10 10 10 10 10 10 10 10 10 10 10 10
10 10 10 10 10 10 10 10 10 10 10 10 10 10 10 10 10 10 10 10 10 10 10 10 10 10 10 10 10 10 10 10 10 10 10 10 10 10 10 10 10 10 10 10 10 10 10 10 10 10
10 10 10 10 10 10 10 10 10 10 10 10 10 10 10 10 10 10 10 10 10 10 10 10 10 10 10 10 10 10 10 10 10 10 10 10 10 10 10 10 10 10 10 10 10 10 10 10 10 10
10 10 10 10 10 10 10 10 10 10 10 10 10 10 10 10 10 10 10 10 10 10 10 10 10 10 10 10 10 10 10 10 10 10 10 10 10 10 10 10 10 10 10 10 10 10 10 10 10 10